// Game: fps00
// Format: Standard
// entity 0
{
"classname" "worldspawn"
"_tb_textures" "textures"
// brush 0
{
( -32 -64 -8 ) ( -32 -63 -8 ) ( -32 -64 -7 ) asphalt00 0 0 0 1 1
( -64 -32 -8 ) ( -64 -32 -7 ) ( -63 -32 -8 ) asphalt00 0 0 0 1 1
( -64 -64 -40 ) ( -63 -64 -40 ) ( -64 -63 -40 ) asphalt00 0 0 0 1 1
( 64 64 40 ) ( 64 65 40 ) ( 65 64 40 ) asphalt00 0 0 0 1 1
( -64 -16 -8 ) ( -63 -16 -8 ) ( -64 -16 -7 ) asphalt00 0 0 0 1 1
( 32 64 24 ) ( 32 64 25 ) ( 32 65 24 ) asphalt00 0 0 0 1 1
}
// brush 1
{
( -32 -64 -8 ) ( -32 -63 -8 ) ( -32 -64 -7 ) asphalt00 0 0 0 1 1
( -64 16 -8 ) ( -64 16 -7 ) ( -63 16 -8 ) asphalt00 0 0 0 1 1
( -64 -64 -40 ) ( -63 -64 -40 ) ( -64 -63 -40 ) asphalt00 0 0 0 1 1
( 64 64 40 ) ( 64 65 40 ) ( 65 64 40 ) asphalt00 0 0 0 1 1
( 64 32 24 ) ( 65 32 24 ) ( 64 32 25 ) asphalt00 0 0 0 1 1
( 32 64 24 ) ( 32 64 25 ) ( 32 65 24 ) asphalt00 0 0 0 1 1
}
// brush 2
{
( -32 -64 -8 ) ( -32 -63 -8 ) ( -32 -64 -7 ) asphalt00 0 0 0 1 1
( -64 -16 -8 ) ( -64 -16 -7 ) ( -63 -16 -8 ) asphalt00 0 0 0 1 1
( 64 64 24 ) ( 65 64 24 ) ( 64 65 24 ) asphalt00 0 0 0 1 1
( 64 64 40 ) ( 64 65 40 ) ( 65 64 40 ) asphalt00 0 0 0 1 1
( -64 16 -8 ) ( -63 16 -8 ) ( -64 16 -7 ) asphalt00 0 0 0 1 1
( 32 64 24 ) ( 32 64 25 ) ( 32 65 24 ) asphalt00 0 0 0 1 1
}
// brush 3
{
( -32 -64 -8 ) ( -32 -63 -8 ) ( -32 -64 -7 ) asphalt00 0 0 0 1 1
( -64 -16 -8 ) ( -64 -16 -7 ) ( -63 -16 -8 ) asphalt00 0 0 0 1 1
( -64 -64 -40 ) ( -63 -64 -40 ) ( -64 -63 -40 ) asphalt00 0 0 0 1 1
( 64 64 -24 ) ( 64 65 -24 ) ( 65 64 -24 ) asphalt00 0 0 0 1 1
( -64 16 -8 ) ( -63 16 -8 ) ( -64 16 -7 ) asphalt00 0 0 0 1 1
( 32 64 24 ) ( 32 64 25 ) ( 32 65 24 ) asphalt00 0 0 0 1 1
}
// brush 4
{
( 16 -64 -8 ) ( 16 -63 -8 ) ( 16 -64 -7 ) asphalt00 0 0 0 1 1
( -64 -16 -8 ) ( -64 -16 -7 ) ( -63 -16 -8 ) asphalt00 0 0 0 1 1
( 64 64 -24 ) ( 65 64 -24 ) ( 64 65 -24 ) asphalt00 0 0 0 1 1
( 64 64 24 ) ( 64 65 24 ) ( 65 64 24 ) asphalt00 0 0 0 1 1
( -64 16 -8 ) ( -63 16 -8 ) ( -64 16 -7 ) asphalt00 0 0 0 1 1
( 32 64 24 ) ( 32 64 25 ) ( 32 65 24 ) asphalt00 0 0 0 1 1
}
}
